-0.486019 0.513981 -1.000000 -0.486019
-1.000000 0.600000 -0.400000 -0.400000
-1.000000 0.000000 -1.000000 -0.400000
-0.586210 0.413790 -0.887348 -0.586210
-0.473563 0.526437 -1.000000 -0.473563
-0.400000 0.000000 -1.000000 -0.400000
-0.486019 0.513981 -1.000000 -0.486019
-0.486019 0.513981 -1.000000 -0.486019
-0.486019 0.513981 -1.000000 -0.486019
-0.661850 0.338150 -0.895043 -0.661850
-0.669897 0.330103 -0.883262 -0.669897
-0.643476 0.356524 -0.921940 -0.643476
-0.643476 0.356524 -0.921940 -0.643476
-0.663148 0.336852 -0.893142 -0.663148
-0.666434 0.333566 -0.888331 -0.666434
-0.486019 0.513981 -1.000000 -0.486019
-0.647330 0.352670 -0.916299 -0.647330
-0.655808 0.344192 -0.903887 -0.655808
-0.538024 0.461976 -0.861976 -0.538024
-0.531502 0.468498 -1.000000 -0.531502
-0.626467 0.373533 -0.946842 -0.626467
-0.663148 0.336852 -0.893142 -0.663148
-0.626467 0.373533 -0.946842 -0.626467
-0.666434 0.333566 -0.888331 -0.666434
-0.663148 0.336852 -0.893142 -0.663148
-0.666434 0.333566 -0.888331 -0.666434
-0.647330 0.352670 -0.916299 -0.647330
-0.626467 0.373533 -0.946842 -0.626467
-0.626467 0.373533 -0.946842 -0.626467
-0.661850 0.338150 -0.895043 -0.661850
-0.663148 0.336852 -0.893142 -0.663148
-0.669897 0.330103 -0.883262 -0.669897
-0.797985 0.514555 -0.838448 -0.797985
-0.610550 0.389450 -0.710258 -0.610550
-0.616540 0.383460 -0.961375 -0.616540
-0.642120 0.357880 -0.756778 -0.642120
-0.626467 0.373533 -0.946842 -0.626467
-0.655808 0.344192 -0.903887 -0.655808
-0.501425 0.498575 -0.549456 -0.501425
-0.515140 0.484860 -0.932712 -0.515140
-0.699021 0.300979 -0.840625 -0.699021
-0.797985 0.514555 -0.838448 -0.797985
-0.538024 0.461976 -0.861976 -0.538024
-0.607747 0.392253 -0.917662 -0.607747
-0.531502 0.468498 -1.000000 -0.531502
-0.486019 0.513981 -1.000000 -0.486019
-0.676456 0.323544 -0.873660 -0.676456
-0.626467 0.373533 -0.946842 -0.626467
-0.626467 0.373533 -0.946842 -0.626467
-0.538024 0.461976 -0.861976 -0.538024
-0.538024 0.461976 -0.861976 -0.538024
-0.616540 0.383460 -0.961375 -0.616540
-0.647330 0.352670 -0.916299 -0.647330
-0.669897 0.330103 -0.883262 -0.669897
-0.642120 0.357880 -0.756778 -0.642120
-0.655808 0.344192 -0.903887 -0.655808
-0.590156 0.409844 -1.000000 -0.590156
-0.669897 0.330103 -0.883262 -0.669897
-0.626467 0.373533 -0.946842 -0.626467
-1.000000 0.600000 -1.000000 -0.400000
-0.655808 0.344192 -0.903887 -0.655808
-0.626467 0.373533 -0.946842 -0.626467
-0.647330 0.352670 -0.916299 -0.647330
-0.578345 0.421655 -0.662801 -0.578345
-0.590156 0.409844 -1.000000 -0.590156
-0.661850 0.338150 -0.895043 -0.661850
-0.501425 0.498575 -0.549456 -0.501425
-0.661850 0.338150 -0.895043 -0.661850
-0.797985 0.514555 -0.838448 -0.797985
-0.663148 0.336852 -0.893142 -0.663148
-0.647330 0.352670 -0.916299 -0.647330
-0.676456 0.323544 -0.873660 -0.676456
-0.701354 0.405416 -0.943979 -0.701354
-0.643476 0.356524 -0.921940 -0.643476
-0.669897 0.330103 -0.883262 -0.669897
-0.663148 0.336852 -0.893142 -0.663148
-0.616540 0.383460 -0.961375 -0.616540
-0.501425 0.498575 -0.549456 -0.501425
-0.590156 0.409844 -1.000000 -0.590156
-0.669897 0.330103 -0.883262 -0.669897
-0.676456 0.323544 -0.873660 -0.676456
-0.669897 0.330103 -0.883262 -0.669897
-0.531502 0.468498 -1.000000 -0.531502
-0.663148 0.336852 -0.893142 -0.663148
-0.610550 0.389450 -0.710258 -0.610550
-0.531502 0.468498 -1.000000 -0.531502
-0.669897 0.330103 -0.883262 -0.669897
-0.666434 0.333566 -0.888331 -0.666434
-0.666434 0.333566 -0.888331 -0.666434
-0.626467 0.373533 -0.946842 -0.626467
-0.486019 0.513981 -1.000000 -0.486019
-0.616540 0.383460 -0.961375 -0.616540
-0.669897 0.330103 -0.883262 -0.669897
-0.647330 0.352670 -0.916299 -0.647330
-0.400000 0.600000 -1.000000 -0.400000
-0.663148 0.336852 -0.893142 -0.663148
-0.663148 0.336852 -0.893142 -0.663148
-0.666434 0.333566 -0.888331 -0.666434
-0.701354 0.405416 -0.943979 -0.701354
-0.515140 0.484860 -0.932712 -0.515140
-0.643476 0.356524 -0.921940 -0.643476
-0.626467 0.373533 -0.946842 -0.626467
-0.669897 0.330103 -0.883262 -0.669897
