-0.1 0.75 -0.4 -0.1 172.6
-0.7 0.75 -0.4 -0.25 170.79
-0.7 0.75 -0.7 -0.25 170.78
-0.25 0.6 -0.85 -0.25 170.16
-0.4 0.9 -0.7 -0.25 169.49
-0.85 0.3 -0.4 -0.25 169.4
-0.7 0.75 -1 -0.4 169.39
-1 0.6 -0.4 -0.25 169.2
-1 0.75 -0.7 -0.4 169.2
-0.1 0.3 -1 -0.25 169.05
-0.55 0.3 -0.7 -0.25 168.86
-0.25 0.6 -0.25 -0.1 168.8
-0.85 0.15 -0.85 -0.4 168.52
-0.7 0.45 -1 -0.4 168.31
-1 0.75 -1 -0.4 168.11
-0.4 0.45 -0.7 -0.25 167.8
-0.7 0.3 -1 -0.4 167.64
-0.25 0.45 -1 -0.25 167.44
-0.4 0.75 -0.7 -0.25 167.43
-0.25 0.3 -0.25 -0.1 167.38
-0.1 0 -1 -0.25 166.86
-0.7 0 -0.4 -0.25 166.61
-0.4 0.9 -0.85 -0.25 166.59
-1 0.15 -0.85 -0.4 166.58
-0.25 0.45 -0.85 -0.25 166.49
-0.85 0.6 -0.25 -0.25 166.4
-0.55 0.6 -0.85 -0.25 166.24
-0.1 0.6 -0.55 -0.1 166.19
-0.85 0.45 -1 -0.4 166.07
-0.1 0.6 -1 -0.25 166.05
-0.7 0.75 -0.55 -0.25 166.04
-0.4 0.75 -0.1 -0.1 165.83
-1 0 -1 -0.4 165.75
-0.85 0 -0.55 -0.25 165.62
-0.7 0.45 -0.4 -0.25 165.09
-0.85 0 -0.85 -0.4 164.48
-0.55 0.15 -0.7 -0.25 164.46
-0.4 0.75 -0.85 -0.25 164.46
-0.7 0.6 -0.4 -0.25 164.32
-0.1 0.15 -1 -0.25 164.28
-1 0.45 -0.1 -0.25 164.27
-0.55 0.9 -0.55 -0.25 164.2
-0.25 0 -0.85 -0.25 163.99
-0.4 0.9 -0.1 -0.1 163.95
-1 0.3 -0.4 -0.25 163.93
-0.25 0.15 -0.85 -0.25 163.79
-0.25 0.6 -1 -0.25 163.76
-0.1 0.75 -1 -0.25 163.54
-1 0.15 -0.7 -0.4 163.52
-0.25 0.15 -1 -0.25 163.51
