-0.005236764798085991 0.11823747677940954 -0.9949408506646378 -0.2248361220303824 
-0.005236764798085991 0.11823747677940954 -0.9949408506646378 -0.2248361220303824 
-0.005236764798085991 0.11823747677940954 -0.9949408506646378 -0.2248361220303824 
-0.005236764798085991 0.06110016705407728 -0.9069714761423503 -0.2248361220303824 
-0.768316807300563 0.6659579317284029 -0.9949408506646378 -0.2248361220303824 
-0.005236764798085991 0.11823747677940954 -0.9069714761423503 -0.2248361220303824 
-0.04968827442996249 0.4825039946061579 -0.9949408506646378 -0.2248361220303824 
-0.005236764798085991 0.9260048863731861 -0.9949408506646378 -0.2248361220303824 
-0.9659600701797988 0.11823747677940954 -0.9949408506646378 -0.2248361220303824 
-0.5899550211942212 0.9260048863731861 -0.9949408506646378 -0.2248361220303824 
-0.7307079912853672 0.11823747677940954 -0.9949408506646378 -0.2248361220303824 
-0.005236764798085991 0.11823747677940954 -0.5317247654529408 -0.2248361220303824 
-0.005236764798085991 0.46407047891827824 -0.4361183615654214 -0.2248361220303824 
-0.04968827442996249 0.4825039946061579 -0.9949408506646378 -0.5826598220661178 
